0 0 0 0 0 0 1 1 0 1 0 0 0
1 0 1 1 0 1 0 0 0 0 0 1 0
0 0 0 0 0 0 0 1 0 1 0 1 0
1 0 1 1 0 1 0 1 0 0 0 0 0
0 0 0 0 0 0 0 0 1 1 0 1 0
1 0 1 1 0 1 0 1 0 1 0 1 0
0 0 0 0 0 0 1 0 0 0 0 0 0
0 1 0 1 0 1 0 1 0 1 1 0 1
0 1 0 1 1 0 0 0 0 0 0 0 0
0 0 0 0 0 1 0 1 0 1 1 0 1
0 1 0 1 0 1 0 0 0 0 0 0 0
0 1 0 0 0 0 0 1 0 1 1 0 1
0 0 0 1 0 1 1 0 0 0 0 0 0
1A:0,0:0,5
5A:0,10:0,12
7A:1,6:1,10
8A:2,0:2,6
9A:3,8:3,12
10A:4,0:4,7
12A:6,0:6,5
14A:6,7:6,12
17A:8,5:8,12
18A:9,0:9,4
20A:10,6:10,12
21A:11,2:11,6
22A:12,0:12,2
23A:12,7:12,12
2D:0,1:6,1
3D:0,4:7,4
4D:0,8:3,8
5D:0,10:6,10
6D:0,12:6,12
7D:1,6:5,6
11D:5,8:12,8
12D:6,0:12,0
13D:6,2:12,2
15D:6,11:12,11
16D:7,6:11,6
19D:9,4:12,4